id,score
1500100001,406
1500100002,440
1500100003,359
1500100004,421
1500100005,395
1500100006,314
1500100007,418
1500100008,363
1500100009,251
1500100010,402
1500100011,282
1500100012,459
1500100013,369
1500100014,396
1500100015,309
1500100016,359
1500100017,263
1500100018,425
1500100019,433
1500100020,295
1500100021,203
1500100022,261
1500100023,297
1500100024,343
1500100025,246
1500100026,349
1500100027,390
1500100028,323
1500100029,405
1500100030,369
1500100031,209
1500100032,184
1500100033,532
1500100034,360
1500100035,457
1500100036,362
1500100037,355
1500100038,381
1500100039,503
1500100040,382
1500100041,468
1500100042,298
1500100043,356
1500100044,295
1500100045,355
1500100046,282
1500100047,247
1500100048,390
1500100049,287
1500100050,342
1500100051,440
1500100052,424
1500100053,442
1500100054,372
1500100055,236
1500100056,380
1500100057,431
1500100058,464
1500100059,506
1500100060,402
1500100061,409
1500100062,241
1500100063,205
1500100064,428
1500100065,270
1500100066,526
1500100067,238
1500100068,385
1500100069,301
1500100070,442
1500100071,383
1500100072,382
1500100073,478
1500100074,308
1500100075,437
1500100076,435
1500100077,346
1500100078,280
1500100079,341
1500100080,628
1500100081,279
1500100082,283
1500100083,426
1500100084,305
1500100085,317
1500100086,288
1500100087,363
1500100088,403
1500100089,472
1500100090,315
1500100091,328
1500100092,348
1500100093,528
1500100094,404
1500100095,336
1500100096,326
1500100097,429
1500100098,424
1500100099,377
1500100100,432
1500100101,227
1500100102,397
1500100103,537
1500100104,533
1500100105,252
1500100106,392
1500100107,458
1500100108,429
1500100109,348
1500100110,357
1500100111,477
1500100112,359
1500100113,519
1500100114,402
1500100115,364
1500100116,520
1500100117,331
1500100118,509
1500100119,508
1500100120,437
1500100121,383
1500100122,330
1500100123,451
1500100124,431
1500100125,385
1500100126,403
1500100127,176
1500100128,549
1500100129,418
1500100130,299
1500100131,452
1500100132,308
1500100133,332
1500100134,279
1500100135,252
1500100136,583
1500100137,403
1500100138,203
1500100139,375
1500100140,459
1500100141,336
1500100142,461
1500100143,340
1500100144,294
1500100145,357
1500100146,385
1500100147,283
1500100148,500
1500100149,313
1500100150,422
1500100151,275
1500100152,321
1500100153,187
1500100154,328
1500100155,501
1500100156,287
1500100157,289
1500100158,418
1500100159,445
1500100160,568
1500100161,296
1500100162,413
1500100163,291
1500100164,364
1500100165,412
1500100166,356
1500100167,401
1500100168,231
1500100169,475
1500100170,387
1500100171,323
1500100172,412
1500100173,389
1500100174,288
1500100175,452
1500100176,234
1500100177,273
1500100178,388
1500100179,457
1500100180,445
1500100181,165
1500100182,218
1500100183,430
1500100184,580
1500100185,365
1500100186,496
1500100187,313
1500100188,446
1500100189,328
1500100190,292
1500100191,395
1500100192,483
1500100193,365
1500100194,231
1500100195,312
1500100196,446
1500100197,308
1500100198,320
1500100199,391
1500100200,246
1500100201,247
1500100202,268
1500100203,250
1500100204,398
1500100205,392
1500100206,355
1500100207,275
1500100208,451
1500100209,403
1500100210,327
1500100211,453
1500100212,349
1500100213,351
1500100214,360
1500100215,358
1500100216,344
1500100217,397
1500100218,453
1500100219,399
1500100220,442
1500100221,320
1500100222,299
1500100223,319
1500100224,297
1500100225,412
1500100226,225
1500100227,326
1500100228,480
1500100229,294
1500100230,295
1500100231,218
1500100232,291
1500100233,468
1500100234,219
1500100235,520
1500100236,371
1500100237,378
1500100238,322
1500100239,301
1500100240,398
1500100241,400
1500100242,294
1500100243,424
1500100244,314
1500100245,393
1500100246,463
1500100247,480
1500100248,182
1500100249,212
1500100250,272
1500100251,226
1500100252,241
1500100253,401
1500100254,411
1500100255,383
1500100256,285
1500100257,314
1500100258,604
1500100259,330
1500100260,345
1500100261,484
1500100262,460
1500100263,457
1500100264,492
1500100265,357
1500100266,418
1500100267,307
1500100268,349
1500100269,378
1500100270,456
1500100271,298
1500100272,378
1500100273,418
1500100274,369
1500100275,504
1500100276,176
1500100277,374
1500100278,407
1500100279,446
1500100280,341
1500100281,385
1500100282,304
1500100283,418
1500100284,406
1500100285,426
1500100286,172
1500100287,429
1500100288,201
1500100289,169
1500100290,384
1500100291,349
1500100292,328
1500100293,361
1500100294,271
1500100295,450
1500100296,302
1500100297,297
1500100298,492
1500100299,333
1500100300,488
1500100301,405
1500100302,206
1500100303,308
1500100304,374
1500100305,417
1500100306,505
1500100307,460
1500100308,628
1500100309,325
1500100310,404
1500100311,472
1500100312,447
1500100313,323
1500100314,290
1500100315,250
1500100316,426
1500100317,265
1500100318,223
1500100319,373
1500100320,318
1500100321,457
1500100322,405
1500100323,383
1500100324,461
1500100325,337
1500100326,330
1500100327,211
1500100328,331
1500100329,338
1500100330,357
1500100331,376
1500100332,493
1500100333,417
1500100334,428
1500100335,390
1500100336,365
1500100337,455
1500100338,485
1500100339,329
1500100340,478
1500100341,425
1500100342,323
1500100343,441
1500100344,212
1500100345,318
1500100346,391
1500100347,450
1500100348,370
1500100349,435
1500100350,356
1500100351,340
1500100352,337
1500100353,523
1500100354,351
1500100355,405
1500100356,376
1500100357,446
1500100358,507
1500100359,418
1500100360,310
1500100361,181
1500100362,418
1500100363,307
1500100364,299
1500100365,391
1500100366,393
1500100367,363
1500100368,388
1500100369,376
1500100370,300
1500100371,264
1500100372,431
1500100373,342
1500100374,316
1500100375,349
1500100376,454
1500100377,497
1500100378,402
1500100379,429
1500100380,227
1500100381,419
1500100382,352
1500100383,169
1500100384,456
1500100385,377
1500100386,424
1500100387,301
1500100388,443
1500100389,380
1500100390,412
1500100391,312
1500100392,264
1500100393,428
1500100394,468
1500100395,383
1500100396,387
1500100397,441
1500100398,319
1500100399,310
1500100400,324
1500100401,266
1500100402,367
1500100403,485
1500100404,304
1500100405,532
1500100406,476
1500100407,449
1500100408,372
1500100409,301
1500100410,325
1500100411,443
1500100412,264
1500100413,394
1500100414,344
1500100415,458
1500100416,250
1500100417,340
1500100418,611
1500100419,272
1500100420,170
1500100421,492
1500100422,205
1500100423,430
1500100424,333
1500100425,226
1500100426,367
1500100427,250
1500100428,150
1500100429,293
1500100430,431
1500100431,413
1500100432,306
1500100433,345
1500100434,550
1500100435,420
1500100436,300
1500100437,334
1500100438,419
1500100439,248
1500100440,463
1500100441,446
1500100442,486
1500100443,475
1500100444,295
1500100445,227
1500100446,240
1500100447,348
1500100448,429
1500100449,389
1500100450,355
1500100451,325
1500100452,391
1500100453,397
1500100454,381
1500100455,317
1500100456,385
1500100457,270
1500100458,319
1500100459,386
1500100460,273
1500100461,445
1500100462,347
1500100463,401
1500100464,343
1500100465,308
1500100466,425
1500100467,255
1500100468,268
1500100469,315
1500100470,342
1500100471,246
1500100472,438
1500100473,410
1500100474,461
1500100475,293
1500100476,412
1500100477,426
1500100478,435
1500100479,382
1500100480,221
1500100481,301
1500100482,377
1500100483,365
1500100484,479
1500100485,447
1500100486,328
1500100487,358
1500100488,398
1500100489,287
1500100490,278
1500100491,491
1500100492,341
1500100493,251
1500100494,276
1500100495,451
1500100496,294
1500100497,475
1500100498,313
1500100499,368
1500100500,346
1500100501,515
1500100502,358
1500100503,441
1500100504,455
1500100505,482
1500100506,441
1500100507,231
1500100508,341
1500100509,336
1500100510,342
1500100511,396
1500100512,280
1500100513,249
1500100514,295
1500100515,453
1500100516,410
1500100517,403
1500100518,508
1500100519,334
1500100520,372
1500100521,385
1500100522,324
1500100523,289
1500100524,369
1500100525,329
1500100526,461
1500100527,430
1500100528,477
1500100529,234
1500100530,435
1500100531,440
1500100532,251
1500100533,288
1500100534,404
1500100535,364
1500100536,327
1500100537,457
1500100538,505
1500100539,351
1500100540,380
1500100541,427
1500100542,355
1500100543,259
1500100544,266
1500100545,450
1500100546,395
1500100547,584
1500100548,446
1500100549,507
1500100550,314
1500100551,403
1500100552,449
1500100553,456
1500100554,291
1500100555,368
1500100556,525
1500100557,293
1500100558,280
1500100559,435
1500100560,360
1500100561,387
1500100562,445
1500100563,536
1500100564,374
1500100565,408
1500100566,515
1500100567,331
1500100568,196
1500100569,430
1500100570,390
1500100571,219
1500100572,550
1500100573,446
1500100574,424
1500100575,271
1500100576,508
1500100577,302
1500100578,397
1500100579,342
1500100580,546
1500100581,445
1500100582,456
1500100583,265
1500100584,346
1500100585,162
1500100586,324
1500100587,381
1500100588,433
1500100589,155
1500100590,530
1500100591,199
1500100592,258
1500100593,347
1500100594,390
1500100595,461
1500100596,587
1500100597,302
1500100598,551
1500100599,443
1500100600,361
1500100601,441
1500100602,310
1500100603,469
1500100604,332
1500100605,359
1500100606,324
1500100607,365
1500100608,330
1500100609,343
1500100610,484
1500100611,350
1500100612,291
1500100613,375
1500100614,470
1500100615,288
1500100616,402
1500100617,480
1500100618,309
1500100619,387
1500100620,512
1500100621,426
1500100622,345
1500100623,526
1500100624,317
1500100625,281
1500100626,240
1500100627,402
1500100628,421
1500100629,407
1500100630,354
1500100631,465
1500100632,379
1500100633,369
1500100634,479
1500100635,534
1500100636,374
1500100637,400
1500100638,419
1500100639,297
1500100640,521
1500100641,430
1500100642,370
1500100643,404
1500100644,549
1500100645,492
1500100646,338
1500100647,416
1500100648,320
1500100649,356
1500100650,343
1500100651,492
1500100652,391
1500100653,247
1500100654,357
1500100655,390
1500100656,233
1500100657,354
1500100658,499
1500100659,214
1500100660,278
1500100661,303
1500100662,333
1500100663,391
1500100664,358
1500100665,283
1500100666,328
1500100667,400
1500100668,373
1500100669,314
1500100670,445
1500100671,286
1500100672,348
1500100673,299
1500100674,305
1500100675,378
1500100676,354
1500100677,305
1500100678,218
1500100679,460
1500100680,429
1500100681,292
1500100682,399
1500100683,362
1500100684,322
1500100685,349
1500100686,479
1500100687,436
1500100688,466
1500100689,381
1500100690,435
1500100691,336
1500100692,462
1500100693,319
1500100694,320
1500100695,421
1500100696,466
1500100697,531
1500100698,277
1500100699,251
1500100700,331
1500100701,496
1500100702,270
1500100703,317
1500100704,286
1500100705,449
1500100706,421
1500100707,463
1500100708,269
1500100709,198
1500100710,407
1500100711,339
1500100712,198
1500100713,293
1500100714,498
1500100715,246
1500100716,560
1500100717,387
1500100718,265
1500100719,314
1500100720,374
1500100721,260
1500100722,289
1500100723,363
1500100724,440
1500100725,373
1500100726,353
1500100727,322
1500100728,401
1500100729,491
1500100730,455
1500100731,404
1500100732,347
1500100733,499
1500100734,469
1500100735,435
1500100736,384
1500100737,348
1500100738,336
1500100739,517
1500100740,256
1500100741,358
1500100742,359
1500100743,437
1500100744,269
1500100745,419
1500100746,333
1500100747,381
1500100748,424
1500100749,240
1500100750,487
1500100751,432
1500100752,362
1500100753,333
1500100754,406
1500100755,357
1500100756,413
1500100757,267
1500100758,188
1500100759,365
1500100760,458
1500100761,361
1500100762,524
1500100763,420
1500100764,360
1500100765,372
1500100766,388
1500100767,289
1500100768,482
1500100769,368
1500100770,471
1500100771,452
1500100772,254
1500100773,492
1500100774,314
1500100775,237
1500100776,418
1500100777,319
1500100778,438
1500100779,394
1500100780,333
1500100781,461
1500100782,303
1500100783,408
1500100784,472
1500100785,370
1500100786,301
1500100787,439
1500100788,295
1500100789,438
1500100790,424
1500100791,417
1500100792,363
1500100793,254
1500100794,391
1500100795,435
1500100796,347
1500100797,250
1500100798,376
1500100799,429
1500100800,337
1500100801,390
1500100802,336
1500100803,292
1500100804,390
1500100805,447
1500100806,507
1500100807,518
1500100808,430
1500100809,287
1500100810,301
1500100811,237
1500100812,301
1500100813,414
1500100814,180
1500100815,294
1500100816,246
1500100817,316
1500100818,378
1500100819,280
1500100820,322
1500100821,242
1500100822,269
1500100823,547
1500100824,379
1500100825,353
1500100826,439
1500100827,417
1500100828,519
1500100829,314
1500100830,392
1500100831,493
1500100832,391
1500100833,384
1500100834,586
1500100835,358
1500100836,403
1500100837,479
1500100838,351
1500100839,557
1500100840,366
1500100841,348
1500100842,446
1500100843,339
1500100844,285
1500100845,475
1500100846,402
1500100847,445
1500100848,395
1500100849,440
1500100850,398
1500100851,249
1500100852,532
1500100853,515
1500100854,366
1500100855,362
1500100856,429
1500100857,296
1500100858,331
1500100859,303
1500100860,309
1500100861,170
1500100862,490
1500100863,220
1500100864,291
1500100865,377
1500100866,345
1500100867,317
1500100868,318
1500100869,435
1500100870,447
1500100871,569
1500100872,234
1500100873,612
1500100874,495
1500100875,595
1500100876,384
1500100877,523
1500100878,412
1500100879,398
1500100880,317
1500100881,327
1500100882,358
1500100883,362
1500100884,426
1500100885,401
1500100886,358
1500100887,309
1500100888,227
1500100889,418
1500100890,254
1500100891,147
1500100892,380
1500100893,457
1500100894,371
1500100895,423
1500100896,409
1500100897,426
1500100898,238
1500100899,378
1500100900,562
1500100901,399
1500100902,360
1500100903,549
1500100904,562
1500100905,264
1500100906,292
1500100907,219
1500100908,271
1500100909,388
1500100910,463
1500100911,426
1500100912,376
1500100913,476
1500100914,405
1500100915,371
1500100916,348
1500100917,312
1500100918,459
1500100919,410
1500100920,232
1500100921,413
1500100922,516
1500100923,320
1500100924,357
1500100925,486
1500100926,473
1500100927,405
1500100928,364
1500100929,630
1500100930,589
1500100931,386
1500100932,435
1500100933,293
1500100934,535
1500100935,380
1500100936,318
1500100937,357
1500100938,425
1500100939,530
1500100940,363
1500100941,347
1500100942,249
1500100943,580
1500100944,262
1500100945,242
1500100946,353
1500100947,261
1500100948,448
1500100949,564
1500100950,475
1500100951,323
1500100952,482
1500100953,364
1500100954,533
1500100955,394
1500100956,288
1500100957,335
1500100958,322
1500100959,491
1500100960,340
1500100961,465
1500100962,309
1500100963,468
1500100964,330
1500100965,215
1500100966,324
1500100967,412
1500100968,320
1500100969,316
1500100970,534
1500100971,259
1500100972,432
1500100973,419
1500100974,515
1500100975,532
1500100976,423
1500100977,434
1500100978,263
1500100979,348
1500100980,306
1500100981,377
1500100982,332
1500100983,369
1500100984,310
1500100985,243
1500100986,388
1500100987,499
1500100988,216
1500100989,349
1500100990,422
1500100991,76
1500100992,407
1500100993,386
1500100994,310
1500100995,227
1500100996,355
1500100997,293
1500100998,398
1500100999,371
1500101000,379
